

#################################################################################################################
                                     Instance Name           Movement (microns)        Orig Loc        New Loc
#################################################################################################################
                               CORE_Clock__L10_I90                28.4       (1652, 1961.7)       (1667.4, 1974.7)
                               CORE_Clock__L10_I53                  27       (1943.2, 700.7)       (1957.2, 713.7)
                               CORE_Clock__L10_I56                  27       (1859.2, 817.7)       (1873.2, 830.7)
                               CORE_Clock__L10_I67                24.2       (1390.2, 1766.7)       (1401.4, 1779.7)
                               CORE_Clock__L10_I83                24.2       (1576.4, 1662.7)       (1587.6, 1675.7)
                                            U19736                24.2       (1506.4, 1662.7)       (1495.2, 1675.7)
                                            U16633                24.2       (1512, 1662.7)       (1500.8, 1675.7)
                                             U9730                24.2       (1500.8, 1662.7)       (1489.6, 1675.7)
                                  FE_OFC121_n26591                24.2       (1390.2, 1701.7)       (1379, 1714.7)
                                CORE_Clock__L9_I10                22.8       (2105.6, 1974.7)       (2095.8, 1987.7)
                              CORE_Clock__L10_I102                22.8       (1467.2, 1090.7)       (1477, 1103.7)
                              CORE_Clock__L10_I175                22.8       (1166.2, 1298.7)       (1176, 1311.7)
                                CORE_Clock__L9_I63                22.8       (1482.6, 1194.7)       (1492.4, 1181.7)
                                CORE_Clock__L9_I43                21.4       (1681.4, 1649.7)       (1689.8, 1662.7)
                               CORE_Clock__L10_I12                21.4       (1841, 1740.7)       (1849.4, 1727.7)
                              CORE_Clock__L10_I178                21.4       (1059.8, 1220.7)       (1068.2, 1207.7)
                                CORE_Clock__L6_I11                21.4       (1211, 1259.7)       (1219.4, 1246.7)
                                            U16822                21.4       (2060.8, 1493.7)       (2069.2, 1506.7)
                                            U16649                  20       (1503.6, 1688.7)       (1510.6, 1701.7)
                                            U11096                  20       (2097.2, 1857.7)       (2090.2, 1870.7)
                                            U15046                  20       (1589, 1467.7)       (1596, 1454.7)
                                            U13851                  20       (1397.2, 960.7)       (1390.2, 947.7)
                                 CORE_Clock__L7_I0                  20       (1965.6, 1662.7)       (1958.6, 1649.7)
                                CORE_Clock__L7_I10                  20       (1512, 1662.7)       (1505, 1675.7)
                                 CORE_Clock__L9_I5                  20       (1985.2, 1688.7)       (1978.2, 1701.7)
                                CORE_Clock__L9_I28                  20       (1807.4, 804.7)       (1814.4, 817.7)
                                CORE_Clock__L8_I38                  20       (1716.4, 1363.7)       (1723.4, 1350.7)
                              CORE_Clock__L10_I142                  20       (1810.2, 583.7)       (1817.2, 570.7)
                               CORE_Clock__L10_I75                  20       (1533, 1428.7)       (1526, 1441.7)
                                CORE_Clock__L10_I7                  20       (1894.2, 1857.7)       (1887.2, 1844.7)
                               CORE_Clock__L10_I17                  20       (1778, 2065.7)       (1785, 2078.7)
                               CORE_Clock__L10_I39                  20       (1985.2, 544.7)       (1978.2, 557.7)
                               CORE_Clock__L10_I60                  20       (1265.6, 1883.7)       (1258.6, 1896.7)
                               CORE_Clock__L10_I57                19.6       (1860.6, 804.7)       (1880.2, 804.7)
                                 CORE_Clock__L6_I4                19.6       (1505, 1662.7)       (1485.4, 1662.7)
                                 CORE_Clock__L4_I7                18.6       (1010.8, 1454.7)       (1005.2, 1441.7)
                                 CORE_Clock__L8_I4                18.6       (1843.8, 1935.7)       (1849.4, 1922.7)
                                CORE_Clock__L8_I37                18.6       (1713.6, 1363.7)       (1708, 1350.7)
                                            U16601                18.6       (1516.2, 1662.7)       (1521.8, 1675.7)
                                            U10617                18.6       (1680, 1974.7)       (1685.6, 1961.7)
                                            U16610                18.6       (1517.6, 1649.7)       (1512, 1636.7)
                                            U17061                18.6       (1379, 908.7)       (1384.6, 895.7)
                               CORE_Clock__L10_I62                18.6       (1356.6, 1844.7)       (1351, 1831.7)
                                CORE_Clock__L10_I0                18.6       (1713.6, 1402.7)       (1719.2, 1415.7)
                              CORE_Clock__L10_I112                18.6       (1551.2, 661.7)       (1545.6, 674.7)
                              CORE_Clock__L10_I100                18.6       (1570.8, 1077.7)       (1576.4, 1064.7)
                              CORE_Clock__L10_I154                18.6       (506.8, 2026.7)       (501.2, 2013.7)
                              CORE_Clock__L10_I157                18.6       (831.6, 1961.7)       (837.2, 1974.7)
                              CORE_Clock__L10_I176                18.6       (954.8, 1220.7)       (949.2, 1207.7)
                              CORE_Clock__L10_I171                18.6       (1129.8, 1740.7)       (1124.2, 1727.7)
                               CORE_Clock__L10_I66                18.2       (1387.4, 1935.7)       (1405.6, 1935.7)
                                CORE_Clock__L8_I29                18.2       (1632.4, 869.7)       (1650.6, 869.7)
                                CORE_Clock__L9_I31                18.2       (1229.2, 1870.7)       (1247.4, 1870.7)
                                 CORE_Clock__L7_I9                18.2       (1512, 1662.7)       (1493.8, 1662.7)
